punkty_przed_ruchem; punkty_po_ruchu; liczba_linii_zbitych_na_raz; combo_przed_ruchem; ilość_zbitych_kafelków_z_liczbą; ilość_kafelków_w_kształcie
0; 10; 0; 0; 0; 0
10; 14; 0; 1; 0; 4
14; 38; 1; 1; 0; 4
38; 43; 0; 2; 0; 5
43; 75; 1; 2; 0; 2
75; 117; 1; 3; 0; 2
117; 121; 0; 4; 0; 4
121; 124; 0; 4; 0; 3
124; 176; 1; 4; 0; 2
176; 180; 0; 5; 0; 4
180; 182; 0; 5; 0; 2
182; 276; 1; 5; 0; 4
276; 385; 1; 6; 0; 4
385; 389; 0; 7; 0; 4
389; 511; 1; 7; 0; 2
511; 520; 0; 8; 0; 9
520; 524; 0; 8; 0; 4
524; 661; 1; 8; 0; 2
661; 816; 1; 9; 0; 5
816; 820; 0; 10; 0; 4
820; 1264; 2; 10; 0; 4
1264; 1273; 0; 11; 0; 9
1273; 1275; 0; 11; 0; 2
1275; 1517; 1; 11; 0; 2
1517; 1522; 0; 12; 0; 5
1522; 2147; 2(skrzyżowane); 12; 0; 5
2147; 2432; 1; 13; 0; 5
game over, bo brak miejsca na kolejny kafelek
0; 14; 1; 0; 0; 4
14; 18; 0; 1; 0; 4
18; 42; 1; 1; 0; 4
42; 47; 0; 2; 0; 5
47; 111; 2; 2; 0; 4 (wygląda to jak 2* combo=3, czyli +60)
111; 116; 0; 3; 0; 5
116; 160; 1; 3; 0; 4 (chyba combo 3, bo nie patrzyłem :( )
game over
punkty za dane combo za 1 linię
1   2   3   4   5   6   7    8    9    10   11   12   13   14   15   16   17,  18   19   20   21   22   23   24   25   26   27   28   29   30   31   32   33   34   35   36   
10, 20, 30, 40, 50, 90, 105, 120, 135, 150, 220, 240, 260, 280, 300, 320, 340, 360, 380, 400, 420, 440, 460, 480, 500, 520, 540, 560, 580, 600, 620, 640, 660, 680, 700, 720, raczej potem cały czas +20
mnożlik za ileś linii
1  2  3  4   5
1, 2, 6, 12, 20
będę pisał tylko te z rozwaleniem linii + combo będę liczył te, które się liczy do punktów, a nie które się wyświetla
4; 19; 1; 1; 0; 5
23; 47; 1; 2; 0; 4
52; 87; 1; 3; 0; 5
89; 131; 1; 4; 0; 2
136; 191; 1; 5; 0; 5
191; 283; 1; 6; 0; 2
289; 398; 1; 7; 0; 4
398; 524; 1; 8; 0; 6
537; 1353; 3; chyba 9; 0; 6
1366; 1521; 1; 10; 0; 5
1521; 1970; 2; chyba 11; 0; 9
1982; 2226; 1; 12; 0; 4
2233; 2755; 2; 13; 0; 2
2755; 3039; 1; 14; 0; 4
3039; 3343; 1; 15; 0; 4
3360; 4004; 2; 16; 0; 4
4004; 4693; 2; 17; 0; 9
4697; 5061; 1; 18; 0; 4
5061; 5450; 1; 19; 0; 9
5454; 5858; 1; 20; 0; 4
game over
teraz będę pisał tylko te ciekawe
147; 453; 3; 5; 0; 6
1859; 5083; 4; 13; 0; 4
5372; 7478; 3; 15; 0; 6; empty (chyba +300, albo mnożnik za linie +1)
po wyczyszczeniu:
8181; 8905; 2; 18; 0; 4, czyli normalnie, po prostu plansza jest różowa, w punktach nic się nie zmienia
8913; 11199; 3; 19; 0; 6
11621; 12047; 1; 21; 0; 6
12047; 12931; 2; 22; 0; 4
12939; 13403; 1; 23; 0; 4
13420; 13909; 1; 24; 0; 9
13909; 14412; 1; 25; 0; 3
14412; 14937; 1; 26; 0; 5
14951; 15495; 1; 27; 0; 4
15499; 16623; 2; 28; 0; 4
16623; 17207; 1; 29; 0; 4
17207; 17811; 1; 30; 0; 4
19773; 20457; 1; 34; 0; 4
game over
703; 827; 4; 1; 0; 4
5425; 6430; 5; 5; 0; 5